25
25
25
25
25
25
25
25
25
25
25
25
25
25
25
25
25
25
25
25
25
25
25
25
25
25
25
25
25
25
25
25
25
26
36
62
58
73
62
22
33
34
43
57
22
45
27
42
56
56
56
56
56
56
56
56
56
56
25
26
51
56
52
48
90
63
63
63
68
55
55
68
70
28
55
63
55
86
70
68
63
70
63
61
60
68
63
86
63
63
60
27
41
27
42
46
31
55
57
52
57
52
34
57
57
25
30
51
25
87
57
57
57
57
35
52
32
57
50
76
50
50
50
34
25
34
68
25
25
25
25
25
25
25
25
25
25
25
25
25
25
25
25
25
25
25
25
25
25
25
25
25
25
25
25
25
25
25
25
25
25
25
55
58
71
61
24
61
51
78
45
47
56
45
78
46
37
54
42
43
32
57
49
26
25
27
46
47
75
83
87
50
63
63
63
63
63
63
98
63
55
55
55
55
30
30
37
36
68
70
68
68
68
68
68
54
68
68
68
68
68
63
59
58
55
55
55
55
55
55
87
52
52
52
52
52
29
29
37
36
59
57
57
57
57
57
57
57
57
57
57
57
57
50
58
50
